"0","# Save merged dataset in a worked folder"
"0",""
"0","write.csv(x = Primary_Samples, file = ""Worked-Data/Primary_Samples"")"
"0",""
"0","write.csv(x = Secondary_Samples, file = ""Worked-Data/Secondary_Samples"")"
