"0","ggsave(filename = ""data-images/hct_ambient_boxplot.png"", plot = hct_ambient_boxplot, device = ""png"")"
"2","[38;5;255mSaving 7.29 x 4.5 in image[39m
"
